33,0
31,7
31,6
31,5
31,4
31,3
31,2
31,1
31,0
27,5
27,4
27,3
27,2
27,1
27,0
24,5
24,4
24,3
24,2
24,1
24,0
19,3
19,2
19,1
19,0
18,4
18,3
18,2
18,1
18,0
17,3
17,2
17,1
17,0
16,3
16,2
16,1
16,0
15,3
15,2
15,1
15,0
14,3
14,2
14,1
14,0
13,4
13,3
13,2
13,1
13,0
12,3
12,2
12,1
12,0
10,4
10,3
10,2
10,1
10,0
8,4
40,3
8,3
8,2
8,1
8,0
6,4
6,3
6,2
45,212
6,1
6,0
5,3
45,211
5,2
5,1
5,0
4,3
4,2
4,1
45,210
4,0
3,6
3,5
45,209
3,4
3,3
3,2
47,17
45,208
45,3
3,1
47,16
3,0
2,6
47,3
2,5
2,4
2,2
2,1
2,0
1,2
1,3
1,1
1,0
0,447
2,3
0,408
0,322
0,243
0,9
0,1
0,0
0,310
0,305
0,308
0,304
0,303
0,302
0,307
0,12
0,438
0,10
0,8
0,434
0,300
0,416
0,299
0,415
0,298
0,414
0,297
0,433
0,296
0,413
0,295
0,412
0,294
0,411
0,293
0,410
0,292
0,409
0,291
0,407
0,290
0,406
0,289
0,446
0,288
0,404
0,287
0,403
0,286
0,402
0,285
0,401
0,284
0,400
0,283
0,282
0,398
0,281
0,397
0,280
0,396
0,279
0,395
0,278
0,394
0,277
0,393
0,276
33,1
33,2
33,4
33,5
34,1
34,2
35,0
35,2
35,3
36,0
36,1
36,3
38,0
38,1
38,3
40,0
40,2
40,4
42,1
42,3
42,4
43,1
43,2
43,4
44,1
44,2
44,4
45,0
45,2
45,4
45,6
45,8
45,9
45,11
45,12
45,14
45,16
45,17
45,19
45,20
45,22
45,23
45,25
45,27
45,28
45,30
45,31
45,33
45,35
45,36
45,38
45,39
45,41
45,43
45,44
45,46
45,47
45,49
45,50
45,52
45,54
45,55
45,57
45,58
45,60
45,62
45,63
45,65
45,66
45,68
45,69
45,71
45,73
45,74
45,76
45,77
45,79
45,81
45,82
45,84
45,85
45,87
45,88
45,90
45,92
45,93
45,95
45,96
45,98
45,100
45,101
45,103
45,104
45,106
45,108
45,109
45,111
45,112
45,114
45,115
45,117
45,119
45,120
45,122
45,123
45,125
45,127
45,128
45,130
45,131
45,133
45,192
45,194
45,196
45,197
45,199
45,200
45,202
45,204
45,205
45,207
47,0
47,2
47,4
47,6
47,8
47,9
47,11
47,12
47,14
47,18
48,0
48,2
48,3
49,1
49,2
49,4
54,0
54,1
54,3
54,4
55,1
55,3
56,0
56,2
56,3
57,0
57,2
57,3
57,4
57,1
56,4
56,1
55,2
55,0
54,2
49,5
49,3
49,0
48,1
47,15
47,13
47,10
47,7
47,5
47,1
45,206
45,203
45,201
45,198
45,195
45,193
45,132
45,129
45,126
45,124
45,121
45,118
45,116
45,113
45,110
45,107
45,105
45,102
45,99
45,97
45,94
45,91
45,89
45,86
45,83
45,80
45,78
45,75
45,72
45,70
45,67
45,64
45,61
45,59
45,56
45,53
45,51
45,48
45,45
45,42
45,40
45,37
45,34
45,32
45,29
45,26
45,24
45,21
45,18
45,15
45,13
45,10
45,7
45,5
45,1
44,3
44,0
43,3
43,0
42,2
42,0
40,1
38,2
36,4
36,2
35,4
35,1
34,3
34,0
33,3
0,437
0,275
0,432
0,274
0,392
0,273
0,391
0,272
0,390
0,271
0,389
0,270
0,388
0,269
0,387
0,268
0,386
0,267
0,385
0,266
0,384
0,265
0,383
0,264
0,382
0,263
0,381
0,262
0,380
0,261
0,379
0,260
0,445
0,259
0,377
0,258
0,376
0,257
0,375
0,256
0,374
0,255
0,254
0,372
0,253
0,371
0,252
0,370
0,251
0,369
0,250
0,431
0,249
0,430
0,248
0,368
0,247
0,367
0,246
0,444
0,245
0,365
0,244
0,364
0,242
0,363
0,241
0,441
0,240
0,362
0,239
0,361
0,238
0,360
0,237
0,359
0,236
0,235
0,428
0,234
0,427
0,233
0,440
0,232
0,356
0,231
0,355
0,230
0,354
0,229
0,353
0,228
0,352
0,227
0,351
0,226
0,350
0,225
0,426
0,224
0,425
0,223
0,349
0,222
0,336
0,221
0,424
0,220
0,443
0,219
0,346
0,218
0,345
0,217
0,344
0,216
0,343
0,215
0,423
0,214
0,436
0,213
0,342
0,212
0,341
0,211
0,340
0,210
0,339
0,209
0,429
0,208
0,337
0,207
0,405
0,206
0,335
0,205
0,334
0,204
0,333
0,203
0,422
0,202
0,421
0,201
0,200
0,331
0,199
0,420
0,198
0,330
0,197
0,329
0,196
0,328
0,195
0,327
0,194
0,326
0,193
0,419
0,192
0,418
0,63
0,325
0,62
0,324
0,61
0,323
0,60
0,321
0,59
0,320
0,58
0,319
0,57
0,318
0,56
0,317
0,55
0,417
0,54
0,435
0,53
0,442
0,52
0,315
0,51
0,314
0,50
0,49
0,332
0,48
0,311
0,47
0,309
0,46
0,306
0,45
0,439
0,6
0,5
0,11
0,4
0,2
0,3
0,7
